[[  1.   0.   0.   0.   0.   0.   0.   0.   0.   0.   0.   0.   0.   0.   0.
   0.   0.   0.   0.   0.   0.   0.   0.   0.   0.   0.   0.   1.   5.  13.
  34.  61.  48.  48.  68.  62.  68.  38.  42.  25.  18.  17.  16.  16.  12.
  17.  18.  14.  21.  31.  22.  28.  26.  26.  14.  16.  15.  15.  17.  16.
  12.  15.  18.  18.  43.  46.  47.  55.  62.  67.  57.  56.  63.  71.  48.
  29.  19.  11.  11.  18.  21.  14.  11.  14.  12.  14.  10.  18.  18.  12.
   9.  10.  12.  10.   8.   9.]
[  3.   0.   0.   0.   0.   0.   0.   0.   0.   0.   0.   0.   0.   0.   0.
   0.   0.   0.   0.   0.   0.   0.   0.   0.   0.   0.   0.   1.   6.  16.
  50.  81.  82.  53.  59.  52.  66.  42.  40.  30.  20.  17.  14.  12.  18.
  11.  13.  16.  21.  16.  25.  20.  30.  21.  13.  17.  14.  19.  13.  18.
  13.  15.  16.  11.  39.  37.  48.  53.  61.  60.  57.  63.  63.  62.  45.
  33.  22.  15.  19.  10.  13.  17.   9.  13.  11.  11.  12.  14.  14.  15.
  11.  12.   9.   7.  10.   4.]
[  2.   3.   0.   0.   0.   0.   0.   0.   0.   0.   0.   0.   0.   0.   0.
   0.   0.   0.   0.   0.   0.   0.   0.   0.   0.   0.   0.   1.   6.  15.
  39.  52.  55.  49.  73.  63.  67.  45.  37.  25.  18.  19.  16.  19.  18.
  13.  11.  19.  21.  26.  30.  33.  19.  22.  15.  17.  15.  14.  18.  13.
  18.  15.  15.  19.  37.  42.  55.  47.  59.  60.  62.  62.  50.  62.  40.
  35.  28.  20.  23.  17.  23.  13.  11.  16.  10.  15.  13.  14.  12.  19.
  13.  11.   9.  11.  11.   7.]
[  2.   3.   0.   0.   0.   0.   0.   0.   0.   0.   0.   0.   0.   0.   0.
   0.   0.   0.   0.   0.   0.   0.   0.   0.   0.   0.   0.   0.   5.  17.
  34.  60.  47.  55.  61.  74.  67.  48.  29.  26.  12.  17.  18.  17.  15.
  13.  15.  18.  17.  28.  27.  30.  22.  15.  19.  15.  19.  17.  22.  14.
  17.  15.  16.  13.  34.  63.  51.  52.  61.  58.  62.  64.  62.  59.  33.
  37.  25.  15.  12.  18.  14.  16.  17.  13.  12.  11.  11.  19.  15.  17.
  13.  11.  13.   8.   8.   6.]
[  0.   2.   0.   0.   0.   0.   0.   0.   0.   0.   0.   0.   0.   0.   0.
   0.   0.   0.   0.   0.   0.   0.   0.   0.   0.   0.   0.   2.   7.  15.
  38.  71.  50.  48.  66.  67.  78.  33.  27.  24.  13.  10.  14.  19.  13.
  13.  13.  13.  13.  24.  24.  24.  28.  18.  11.  15.  10.  11.  20.  15.
  11.  12.  15.  18.  39.  52.  41.  46.  62.  59.  48.  51.  45.  67.  37.
  35.  30.  19.  15.  18.  16.  21.  13.  11.  12.   9.  13.  16.  16.  15.
  15.  12.   9.   9.   6.  10.]
[  1.   0.   0.   0.   0.   0.   0.   0.   0.   0.   0.   0.   0.   0.   0.
   0.   0.   0.   0.   0.   0.   0.   0.   0.   0.   0.   0.   1.   5.  17.
  36.  72.  76.  67.  54.  55.  60.  47.  34.  24.  15.  19.  19.  17.  14.
  13.  23.  14.  23.  27.  27.  17.  26.  20.  18.  15.  10.  19.  16.  16.
  12.  15.  24.  17.  47.  43.  48.  45.  63.  69.  59.  63.  60.  72.  52.
  33.  28.  15.  16.  18.  13.  17.   7.   8.  15.  12.   8.  15.  17.  13.
   9.  12.   6.  10.   5.   4.]
[  0.   1.   0.   0.   0.   0.   0.   0.   0.   0.   0.   0.   0.   0.   0.
   0.   0.   0.   0.   0.   0.   0.   0.   0.   0.   0.   0.   1.  10.  12.
  45.  54.  57.  64.  56.  59.  78.  40.  31.  28.  11.  23.  20.  11.  12.
  12.  19.  13.  19.  22.  28.  25.  20.  24.  16.  16.  14.  17.  15.  17.
  14.  19.  14.  19.  36.  63.  37.  47.  67.  46.  63.  57.  62.  51.  35.
  33.  28.  15.  18.  21.  17.  20.  14.  10.   9.  11.  14.  16.  17.  18.
  10.   8.   8.  10.   5.   7.]
[  4.   2.   0.   0.   0.   0.   0.   0.   0.   0.   0.   0.   0.   0.   0.
   0.   0.   0.   0.   0.   0.   0.   0.   0.   0.   0.   0.   1.   6.  16.
  54.  70.  61.  62.  61.  69.  63.  48.  32.  17.  19.  12.  16.  12.  15.
  18.  13.  17.  15.  23.  22.  23.  24.  22.  15.  19.  14.  19.  14.  16.
  21.  15.  10.  14.  45.  53.  47.  58.  52.  57.  52.  61.  58.  66.  42.
  30.  23.  17.  19.  19.  14.  12.  14.  11.  10.  13.  10.  19.  16.  14.
  13.   6.   7.   3.  10.   8.]
[  2.   1.   0.   0.   0.   0.   0.   0.   0.   0.   0.   0.   0.   0.   0.
   0.   0.   0.   0.   0.   0.   0.   0.   0.   0.   0.   0.   2.   8.  17.
  42.  65.  63.  66.  53.  72.  57.  42.  41.  22.  19.  21.   8.  14.  13.
  15.  16.  17.  16.  25.  23.  29.  23.  23.  15.  13.  14.  17.  17.  13.
   9.  19.  15.  11.  38.  39.  36.  43.  63.  73.  71.  49.  59.  64.  38.
  24.  20.  12.  15.  14.  15.  10.   8.  12.  11.  13.  11.  11.  16.  15.
  12.  12.   9.   9.   7.   6.]
[  3.   0.   0.   0.   0.   0.   0.   0.   0.   0.   0.   0.   0.   0.   0.
   0.   0.   0.   0.   0.   0.   0.   0.   0.   0.   0.   0.   1.   8.  18.
  36.  61.  66.  55.  48.  71.  55.  38.  33.  17.  15.  13.  11.  18.  12.
  19.  14.  17.  21.  31.  23.  22.  24.  20.  16.  16.  17.  13.  19.  14.
  14.  19.  14.  12.  47.  53.  53.  71.  68.  59.  52.  63.  65.  81.  34.
  31.  26.  13.  15.  15.  18.  22.  14.  14.   9.  10.   8.  17.  13.  18.
  13.  12.  10.  10.  11.   9.]
[  2.   1.   1.   0.   0.   0.   0.   0.   0.   0.   0.   0.   0.   0.   0.
   0.   0.   0.   0.   0.   0.   0.   0.   0.   0.   0.   0.   0.   7.  16.
  41.  71.  65.  59.  58.  65.  72.  42.  42.  28.  19.  21.  14.  16.  10.
  13.  15.  15.  19.  24.  30.  30.  21.  24.  17.  14.  14.  17.  15.  16.
  15.  14.  13.  10.  37.  36.  37.  43.  58.  73.  56.  47.  66.  56.  40.
  32.  24.  16.  14.  15.  14.  18.   9.  12.  11.   6.  12.  15.  16.  16.
  13.  14.  11.  13.  10.   5.]
[  2.   0.   0.   0.   0.   0.   0.   0.   0.   0.   0.   0.   0.   0.   0.
   0.   0.   0.   0.   0.   0.   0.   0.   0.   0.   0.   0.   1.   8.  17.
  45.  48.  59.  57.  69.  64.  75.  40.  25.  28.  14.  12.  14.  19.  21.
  16.  14.  13.  22.  29.  19.  24.  21.  23.  14.  12.  12.  19.  17.  19.
  18.  18.  18.  19.  36.  46.  49.  43.  53.  40.  61.  65.  69.  67.  44.
  33.  23.  14.  16.  14.  14.  17.  16.  16.  13.  12.  13.  17.  16.  21.
  10.  13.  11.  12.   8.   8.]
[  3.   2.   0.   0.   0.   0.   0.   0.   0.   0.   0.   0.   0.   0.   0.
   0.   0.   0.   0.   0.   0.   0.   0.   0.   0.   0.   0.   2.  11.  16.
  45.  48.  65.  52.  52.  63.  53.  41.  39.  26.  16.  17.  17.  17.  14.
  14.  22.  16.  23.  22.  32.  25.  30.  15.  15.  13.  13.  14.  18.  12.
  12.  15.  16.  20.  39.  58.  55.  54.  69.  71.  56.  55.  62.  53.  43.
  38.  25.  19.  11.  14.  15.  16.  12.   8.   8.  13.  14.  11.  11.  15.
  11.   7.  10.   9.   6.   8.]
[  2.   2.   0.   0.   0.   0.   0.   0.   0.   0.   0.   0.   0.   0.   0.
   0.   0.   0.   0.   0.   0.   0.   0.   0.   0.   0.   0.   0.   7.  16.
  52.  78.  65.  63.  48.  56.  69.  44.  37.  22.  14.  18.  17.  16.  15.
  16.  16.  19.  21.  30.  29.  26.  23.  25.  17.  20.  10.  21.  20.  18.
  16.  18.  20.  17.  43.  43.  59.  53.  67.  73.  53.  53.  46.  60.  29.
  39.  30.  19.  13.  16.  10.  13.  13.  10.   8.  10.  10.  15.  12.  16.
  14.  12.   9.  10.   7.   5.]
[  4.   0.   0.   0.   0.   0.   0.   0.   0.   0.   0.   0.   0.   0.   0.
   0.   0.   0.   0.   0.   0.   0.   0.   0.   0.   0.   0.   0.   5.  19.
  46.  47.  55.  59.  57.  53.  76.  49.  41.  27.  16.  18.  16.  23.  12.
  20.  15.  12.  21.  29.  21.  23.  26.  18.  18.  21.  19.  15.  17.  14.
  19.  14.  18.  11.  38.  54.  60.  42.  63.  62.  57.  61.  68.  84.  42.
  35.  24.  15.  16.  13.  13.  14.  10.  16.  13.  14.  13.   9.  18.  14.
  12.  17.  11.   9.   8.   4.]
[  4.   1.   0.   0.   0.   0.   0.   0.   0.   0.   0.   0.   0.   0.   0.
   0.   0.   0.   0.   0.   0.   0.   0.   0.   0.   0.   0.   0.  10.  17.
  42.  65.  78.  60.  45.  57.  46.  34.  30.  26.  19.  15.  18.  17.  16.
  19.  15.  18.  18.  25.  25.  23.  24.  16.  14.  13.  14.  13.  15.  15.
  20.  12.  18.  18.  37.  63.  57.  53.  63.  66.  68.  56.  63.  68.  51.
  36.  20.  18.  17.  18.  17.  15.  11.  14.  11.  13.  11.  15.  19.  11.
  15.  10.   9.  12.   9.   6.]
[  2.   0.   1.   0.   0.   0.   0.   0.   0.   0.   0.   0.   0.   0.   0.
   0.   0.   0.   0.   0.   0.   0.   0.   0.   0.   0.   0.   1.   5.  15.
  52.  86.  65.  53.  50.  61.  60.  34.  32.  21.  15.  18.  17.  21.  12.
  14.  15.  16.  22.  31.  24.  18.  33.  25.  17.  17.  23.  20.  12.  18.
  15.  16.  17.  12.  42.  51.  54.  49.  73.  59.  51.  72.  65.  72.  37.
  31.  23.  20.  19.  14.  14.  19.  16.  11.  13.  13.  10.  16.  16.  16.
  10.  13.   7.   7.   5.   6.]
[  1.   0.   0.   0.   0.   0.   0.   0.   0.   0.   0.   0.   0.   0.   0.
   0.   0.   0.   0.   0.   0.   0.   0.   0.   0.   0.   0.   2.   8.  15.
  33.  55.  58.  48.  58.  50.  73.  38.  38.  26.  16.  17.  13.  16.  14.
  15.  20.  15.  18.  23.  27.  25.  32.  20.  13.  18.  13.  16.  12.  15.
  14.  16.  15.  14.  44.  46.  50.  57.  51.  61.  43.  48.  69.  79.  45.
  31.  31.  15.  15.  17.  16.  15.  15.   9.  10.  12.  13.  14.  19.  19.
  15.  12.  12.   6.   8.   7.]
[  1.   1.   1.   0.   0.   0.   0.   0.   0.   0.   0.   0.   0.   0.   0.
   0.   0.   0.   0.   0.   0.   0.   0.   0.   0.   0.   0.   0.   3.  16.
  56.  59.  64.  39.  59.  68.  81.  39.  27.  27.  16.  14.  16.  14.  13.
  19.  18.  10.  25.  24.  22.  25.  14.  22.  16.  12.  17.  16.  20.  16.
  17.  13.  19.  13.  50.  59.  61.  44.  51.  49.  63.  57.  64.  56.  43.
  29.  24.  17.  21.  14.  19.  15.  17.  15.   9.  10.   7.  13.  10.  19.
  12.  14.   6.   9.   7.   6.]
[  3.   1.   0.   0.   0.   0.   0.   0.   0.   0.   0.   0.   0.   0.   0.
   0.   0.   0.   0.   0.   0.   0.   0.   0.   0.   0.   0.   1.   7.  18.
  47.  64.  66.  61.  62.  59.  63.  42.  33.  23.  19.  16.  16.  12.  17.
  18.  17.  20.  18.  25.  25.  25.  30.  22.  13.  18.  16.  15.  14.  15.
  13.  15.  15.  22.  39.  63.  48.  47.  59.  70.  51.  44.  64.  73.  40.
  38.  24.  20.  15.  17.  17.  11.  10.  14.  11.  11.  11.  19.  13.  14.
  11.  11.  11.   9.  11.   7.]
[  2.   1.   1.   0.   0.   0.   0.   0.   0.   0.   0.   0.   0.   0.   0.
   0.   0.   0.   0.   0.   0.   0.   0.   0.   0.   0.   0.   2.   8.  15.
  38.  53.  73.  58.  65.  70.  66.  44.  33.  20.  14.  15.  16.  13.  13.
  19.  12.  14.  22.  26.  27.  18.  25.  20.  14.  17.  12.  17.  13.  19.
  13.  14.  14.  20.  46.  43.  50.  59.  51.  40.  66.  50.  72.  61.  47.
  40.  26.  15.  10.  13.  13.  18.  15.  13.  15.  12.  12.  14.  16.  14.
  12.  17.  10.   8.  10.   9.]
[  3.   0.   0.   0.   0.   0.   0.   0.   0.   0.   0.   0.   0.   0.   0.
   0.   0.   0.   0.   0.   0.   0.   0.   0.   0.   0.   0.   2.   7.  17.
  58.  51.  56.  51.  66.  69.  73.  30.  36.  23.  12.  19.  12.  16.  18.
  14.  15.  14.  16.  27.  25.  27.  27.  20.  13.  11.  18.  16.  20.  15.
  18.  19.  15.  18.  40.  54.  56.  58.  52.  72.  53.  56.  70.  86.  42.
  44.  25.  13.  13.  14.  16.  15.   9.  13.  12.  12.   9.  16.  17.  11.
  10.  13.   7.   6.  11.   6.]
[  1.   0.   0.   0.   0.   0.   0.   0.   0.   0.   0.   0.   0.   0.   0.
   0.   0.   0.   0.   0.   0.   0.   0.   0.   0.   0.   0.   0.   9.  13.
  35.  51.  60.  77.  56.  50.  66.  42.  39.  28.  13.  16.  13.  17.  16.
  18.  13.  14.  19.  25.  23.  23.  24.  20.  18.  16.  18.  13.  16.  22.
  14.  18.  13.  12.  35.  48.  40.  54.  59.  59.  52.  65.  58.  66.  46.
  34.  21.  15.  18.  16.  17.  16.  12.  10.  10.  11.   7.  17.  15.  17.
  17.  10.   5.  10.   6.   8.]
[  3.   0.   0.   0.   0.   0.   0.   0.   0.   0.   0.   0.   0.   0.   0.
   0.   0.   0.   0.   0.   0.   0.   0.   0.   0.   0.   0.   2.  11.  14.
  44.  81.  64.  63.  52.  56.  73.  33.  42.  17.  20.  17.  16.  16.  15.
  20.  15.  14.  20.  22.  22.  20.  25.  18.  18.  18.  11.  21.  19.  20.
  18.  15.  19.  15.  36.  57.  55.  50.  63.  55.  54.  52.  57.  67.  44.
  32.  26.  16.  16.  21.  23.  18.  10.  11.  13.  14.  11.  16.  18.  13.
   8.  14.   8.   9.   9.   5.]
]
